unseeded <- c(
1202.60,
830.10,
372.40,
345.50,
321.20,
244.30,
163.00,
147.80,
95.00,
87.00,
81.20,
68.50,
47.30,
41.10,
36.60,
29.00,
28.60,
26.30,
26.10,
24.40,
21.70,
17.30,
11.50,
4.90,
4.90,
1.00)

seeded <- c(
2745.60,
1697.80,
1656.00,
978.00,
703.40,
489.10,
430.00,
334.10,
302.80,
274.70,
274.70,
255.00,
242.50,
200.70,
198.60,
129.60,
119.00,
118.30,
115.30,
92.40,
40.60,
32.70,
31.40,
17.50,
7.70,
4.10)

